0 0.710989010989011 0.505192878338279 0.02564102564102564 0.04599406528189911
0 0.7362637362637363 0.5044510385756676 0.02783882783882784 0.050445103857566766
0 0.7139194139194139 0.5548961424332344 0.02564102564102564 0.04747774480712166
0 0.7377289377289378 0.5548961424332344 0.02490842490842491 0.04451038575667656
0 0.7608058608058608 0.5541543026706232 0.027106227106227107 0.04599406528189911
1 0.6981684981684981 0.6899109792284867 0.01611721611721612 0.03857566765578635
1 0.7102564102564103 0.6884272997032641 0.01391941391941392 0.03857566765578635
1 0.7230769230769231 0.6884272997032641 0.014652014652014652 0.03857566765578635
1 0.7344322344322345 0.6876854599406528 0.009523809523809525 0.037091988130563795
1 0.7461538461538462 0.6876854599406528 0.01391941391941392 0.040059347181008904
1 0.7586080586080586 0.6869436201780416 0.015384615384615385 0.04154302670623145
1 0.7710622710622711 0.6862017804154302 0.01391941391941392 0.040059347181008904
1 0.7827838827838828 0.685459940652819 0.01098901098901099 0.03857566765578635
1 0.7937728937728937 0.685459940652819 0.01391941391941392 0.03857566765578635
1 0.8065934065934066 0.6839762611275965 0.014652014652014652 0.04154302670623145
1 0.8208791208791208 0.6847181008902077 0.015384615384615385 0.04302670623145401
1 0.8322344322344323 0.6839762611275965 0.014652014652014652 0.04154302670623145
0 0.47619047619047616 0.5318991097922848 0.07765567765567766 0.14094955489614244
0 0.5465201465201465 0.537833827893175 0.07326007326007326 0.13798219584569732
0 0.6153846153846154 0.5252225519287834 0.0673992673992674 0.142433234421365
