0 0.8016130000000002 0.653809 0.11161300000000005 0.16699200000000003
0 0.4541939999999999 0.610352 0.196129 0.19335900000000006
0 0.7019350000000001 0.648926 0.10709699999999994 0.16503899999999994
0 0.274516 0.155762 0.12709699999999993 0.15332
0 0.730645 0.220703 0.06645160000000003 0.08398440000000001
0 0.4932260000000001 0.172363 0.11548400000000004 0.14746100000000004
0 0.15935500000000002 0.180664 0.07225810000000002 0.09375
0 0.261613 0.604004 0.22258099999999997 0.20800799999999997
0 0.6641939999999998 0.21533199999999997 0.06516130000000005 0.0771484
0 0.5990319999999999 0.211914 0.06645159999999996 0.07421880000000003
0 0.38967700000000005 0.16601599999999997 0.11096800000000001 0.12890600000000002
0 0.712581 0.7910159999999999 0.056128999999999936 0.07421880000000003
0 0.47419400000000006 0.78125 0.06322580000000001 0.07226560000000004
0 0.538065 0.7836910000000001 0.0554839 0.07519529999999996
0 0.0880645 0.176758 0.0690323 0.08398440000000001
0 0.603226 0.786621 0.06193550000000003 0.0693359
0 0.364194 0.7744139999999999 0.05354839999999997 0.07421880000000003
0 0.7735479999999999 0.7924799999999999 0.05419350000000005 0.07324220000000004
0 0.296452 0.770996 0.04967740000000001 0.0771484
0 0.350645 0.270996 0.04838710000000003 0.055664099999999994
0 0.44 0.273926 0.045161299999999974 0.053710900000000006
0 0.482258 0.2773439999999999 0.041935500000000035 0.052734400000000015
0 0.607742 0.6435550000000001 0.09806450000000004 0.14257799999999998
0 0.8358060000000002 0.796875 0.05225809999999998 0.0625
0 0.234839 0.7675780000000001 0.0554839 0.06835939999999996
0 0.396129 0.272461 0.04645160000000003 0.0546875
0 0.527097 0.280762 0.04387099999999999 0.053710900000000006
