0 0.527097 0.280762 0.043871 0.0537109 0.906647
0 0.396129 0.272461 0.0464516 0.0546875 0.909618
0 0.234839 0.767578 0.0554839 0.0683594 0.909666
0 0.835806 0.796875 0.0522581 0.0625 0.912533
0 0.607742 0.643555 0.0980645 0.142578 0.912622
0 0.482258 0.277344 0.0419355 0.0527344 0.914814
0 0.44 0.273926 0.0451613 0.0537109 0.915382
0 0.350645 0.270996 0.0483871 0.0556641 0.915781
0 0.296452 0.770996 0.0496774 0.0771484 0.916942
0 0.773548 0.79248 0.0541935 0.0732422 0.91932
0 0.364194 0.774414 0.0535484 0.0742188 0.919841
0 0.603226 0.786621 0.0619355 0.0693359 0.922532
0 0.0880645 0.176758 0.0690323 0.0839844 0.924028
0 0.538065 0.783691 0.0554839 0.0751953 0.924938
0 0.474194 0.78125 0.0632258 0.0722656 0.925105
0 0.712581 0.791016 0.056129 0.0742188 0.926716
0 0.389677 0.166016 0.110968 0.128906 0.92711
0 0.599032 0.211914 0.0664516 0.0742188 0.928263
0 0.664194 0.215332 0.0651613 0.0771484 0.930093
0 0.261613 0.604004 0.222581 0.208008 0.931983
0 0.159355 0.180664 0.0722581 0.09375 0.933091
0 0.493226 0.172363 0.115484 0.147461 0.933962
0 0.730645 0.220703 0.0664516 0.0839844 0.935405
0 0.274516 0.155762 0.127097 0.15332 0.936072
0 0.701935 0.648926 0.107097 0.165039 0.938167
0 0.454194 0.610352 0.196129 0.193359 0.938384
0 0.801613 0.653809 0.111613 0.166992 0.94112
