0 0.18312559923298177 0.468 0.02109300095877277 0.128
0 0.20038350910834132 0.451 0.019175455417066157 0.122
0 0.22003835091083412 0.426 0.023969319271332695 0.132
0 0.24352828379674019 0.39 0.026845637583892617 0.136
0 0.3724832214765101 0.312 0.014381591562799617 0.06
0 0.3883029721955896 0.298 0.015340364333652923 0.068
0 0.4041227229146692 0.281 0.016299137104506232 0.07
0 0.4228187919463087 0.265 0.015340364333652923 0.07
0 0.44103547459252157 0.246 0.01725790987535954 0.072
0 0.4592521572387344 0.223 0.01725790987535954 0.07
0 0.4779482262703739 0.209 0.016299137104506232 0.066
0 0.5 0.185 0.023969319271332695 0.078
0 0.5244487056567594 0.158 0.02109300095877277 0.08
0 0.548418024928092 0.131 0.02109300095877277 0.082
