0 0.262581 0.603516 0.218065 0.207031 0.859854
0 0.527419 0.281738 0.0458065 0.0556641 0.862767
0 0.481935 0.275879 0.0425806 0.0537109 0.867422
0 0.350968 0.269531 0.0477419 0.0566406 0.868884
0 0.454839 0.61084 0.19871 0.198242 0.875969
0 0.396129 0.271973 0.0451613 0.0537109 0.87693
0 0.235806 0.768066 0.0535484 0.0673828 0.877999
0 0.835806 0.796875 0.0535484 0.0644531 0.878022
0 0.439677 0.273926 0.0445161 0.0537109 0.879801
0 0.607097 0.641113 0.0980645 0.147461 0.882516
0 0.364194 0.774414 0.0535484 0.0761719 0.883886
0 0.603226 0.786133 0.0632258 0.0703125 0.887394
0 0.297097 0.771484 0.0483871 0.0761719 0.888399
0 0.80129 0.654297 0.113548 0.169922 0.888642
0 0.773548 0.791992 0.0541935 0.0742188 0.889629
0 0.702258 0.647949 0.106452 0.168945 0.892606
0 0.39 0.166504 0.111613 0.129883 0.892892
0 0.712903 0.790527 0.0567742 0.0751953 0.896493
0 0.0896774 0.176758 0.0722581 0.0859375 0.896618
0 0.493226 0.171875 0.115484 0.148438 0.904988
0 0.474194 0.780762 0.0632258 0.0732422 0.906651
0 0.599355 0.211914 0.0670968 0.0742188 0.908971
0 0.275161 0.155762 0.125806 0.15332 0.909404
0 0.538387 0.783203 0.056129 0.0742188 0.909804
0 0.731613 0.220215 0.0709677 0.0888672 0.910622
0 0.160323 0.180176 0.0741935 0.0947266 0.911402
0 0.664516 0.21582 0.0670968 0.078125 0.911488
