0 0.5454212454212454 0.59765625 0.07692307692307693 0.107421875
1 0.5146520146520146 0.98974609375 0.012454212454212455 0.0107421875
0 0.6069597069597069 0.6279296875 0.03296703296703297 0.044921875
0 0.7183150183150183 0.62451171875 0.034432234432234435 0.0478515625
0 0.6805860805860806 0.62353515625 0.03076923076923077 0.0380859375
0 0.7582417582417582 0.62451171875 0.0336996336996337 0.0458984375
0 0.6399267399267399 0.6259765625 0.0315018315018315 0.044921875
0 0.5135531135531135 0.97802734375 0.011721611721611722 0.0185546875
0 0.5135531135531135 0.96044921875 0.010256410256410256 0.0185546875
0 0.5135531135531135 0.94287109375 0.010256410256410256 0.0166015625
